Day1:
  F1: 0.9966996699669967
  PR-AUC: 0.9970553539019964
  ROC-AUC: 0.9967105263157895
Day2:
  F1: 0.9994370954123276
  PR-AUC: 0.9996091929317609
  ROC-AUC: 0.9994811536667502
Day3:
  F1: 0.9988412514484357
  PR-AUC: 0.9992238096420955
  ROC-AUC: 0.9988490113490114
Day4:
  F1: 0.9915053969470524
  PR-AUC: 0.9948378840772709
  ROC-AUC: 0.9900610278809899
